121.5719893,25.0458107,3
121.52975119650363,25.03170590547302,2
121.544124,25.048458,2
121.53399277478456,25.020724376746138,2
121.5122038,24.9963343,4
121.522765,25.007833,4
121.5271071,25.1080479,4
121.5250818,25.10865399999999,3
121.50845546275379,25.086253247974245,2
121.459367,25.00742,4
121.505468226,25.0459030893,3
121.516846,25.03413,4
121.47385345771909,25.006663755797824,1
121.5492043,25.0419175,2
121.50612093508244,25.039688667849752,7
121.5097355,25.0455307,2
121.51815131306648,25.04828887219975,4
121.5691867,25.0363799,4
121.5296187,25.0373251,1
121.5404923,25.0479789,2
121.5408905,24.977903,2
121.5127071,25.058262,0
121.567754,25.052719,4
121.542389,25.04292,1
121.502162,25.0661,4
121.5319945,25.0440299,1
121.5375714,24.9829754,5
121.5366928,24.9830178,6
121.5548035,25.0281371,2
121.5784126,25.0834279,3
121.55390985310078,25.040772969118542,1
121.52804128825665,25.021928759564176,2
121.5714081,25.0454667,3
121.56881488859653,25.044333926134463,5
121.554775713,25.0281532935,4
121.5325971879065,25.02907160242325,3
121.5442871,25.0484604,4
121.54386095702648,25.048528941530712,5
121.4554729,25.015516,7
121.468582627,25.0311060709,4
121.466632,25.019033,6
121.5264734,24.9931489,3
121.5355299,25.0398517,2
121.52398511767387,25.010789302379877,5
121.51087682694197,25.03626400177384,1
121.52728792279959,24.993303556789954,4
121.52730401605368,24.993031417246012,3
121.5184551,25.0000756,3
121.520233,25.009978,6
121.53657607734203,25.011804862592705,1
121.5184005908668,25.00585883021565,1
121.561156,24.98791,5
121.5572,25.028785,4
121.5441451,25.0331764,0
121.53024354949594,25.057219233449803,4
121.5444674,25.0389552,2
121.533092,25.063747,1
121.524734,25.050188,4
121.5302826,25.0470363,4
121.53093237429857,25.05221071133938,4
121.574498,25.037945,3
121.5266436,24.9954896,4
121.54325678944588,25.056056130530784,1
121.505284735,25.0388207069,1
121.5261516,25.0509554,1
121.52538355439901,25.05575783120983,5
121.518264997,25.0268116457,4
121.52330048382282,25.045306233764414,3
121.37774035334587,25.072259342077377,1
121.5053764,25.0388297,1
121.42484916374087,25.026597499966783,3
121.50447791442275,25.041399145622872,3
121.5050947,25.0406196,1
121.511544113,25.0291362945,0
121.50576990097761,25.04636480532355,1
121.532844,25.054188,1
121.47038921713829,25.006439056367494,0
121.4547258,25.0210953,7
121.41745012253523,25.02836997183461,5
121.58848067745566,25.049028597240074,0
121.556927724,25.052412948,3
121.61650221794844,25.054026586930817,4
121.451978,24.99706,1
121.56697489321232,25.03648362990478,7
121.58592604100704,25.06063190634152,1
121.4812820032239,25.00372776988238,7
121.46204855293036,24.99943210918739,2
121.557249526,25.030689509,2
121.5511371,25.0346598,2
121.54523123055696,25.035147052287243,1
121.514002,25.008618,5
121.55168563127518,25.041419370425192,0
121.51774127036333,25.004223380418452,5
121.5452829,25.0410747,7
121.55908215790987,25.020376926494862,7
121.5076426,25.0042587,3
121.520642,25.009705,3
121.56504940241575,25.051717637532903,4
121.5443602,25.04141689999999,4
121.50531023740768,25.04313748612502,5
121.50755994021893,25.04788472342244,5
121.503808,25.0703561,2
121.5257589,25.0578555,2
121.50519540533423,25.04299075323148,3
121.53403284028172,25.05994611729743,2
121.52415342628956,25.062754588429875,2
121.525318415,25.054482273,4
121.4981479,25.0624587,2
121.5069705247879,25.04644747707318,3
121.5077248,25.0302099,1
121.5054795,25.0457092,3
121.506118,25.0438099,2
121.579159,25.041245,2
121.5099676,24.98900219999999,3
121.5658191,25.0353647,2
121.54451742768288,25.052402739996822,5
121.553894379,25.0406838393,2
121.5261927433312,25.050444774265753,1
121.56881958246231,25.044142864742078,2
121.551267,25.0281007,4
121.574767163,25.0352668581,4
121.557245434,25.0582250326,0
121.55363,25.040246,5
121.5687474,25.0524652,2
121.557662,25.049183,1
121.552025,25.0412833,2
121.55477369204164,25.028198324932447,3
121.55379535630345,25.04127369640245,1
121.568178,25.028442,3
121.569419,25.0445809,3
121.5515932,25.0265624,3
121.5531932,25.0334065,2
121.5587209,25.0353598,5
121.532619,25.04393,5
121.5681107,25.0355257,3
121.5536041,25.035764,4
121.55328523367643,25.033371862099656,2
121.563707,24.9854329,3
121.56092952936888,25.03782063325381,1
121.49373264983296,25.05352233765499,1
121.54890283942223,25.041659480235108,2
121.52225,25.057985,3
121.52425182983279,25.04845694194428,6
121.552244,25.042178,5
121.511751,25.05628,1
121.56561870127916,25.036069397123697,1
121.571827236,25.041517759,5
121.561318,25.0229499,2
121.566174,25.0353352,5
121.5329719,25.0536467,2
121.576408,25.045066,1
121.335966796875,25.02764892578125,3
121.5441244840622,25.048570911809854,2
121.57383296638727,25.034897894289227,5
121.5227107,25.0634584,1
121.55557416379452,25.053124539800542,2
121.5576175,25.0308732,1
121.4562883,25.0078239,4
121.4563528,25.0169025,7
121.525273,25.051275,0
121.483167,25.003156,5
121.56782917678356,25.036117249119016,5
121.45644944161177,25.017305984116863,7
121.525096,25.051558,1
121.51630092412232,25.02560304688601,1
121.568745,25.036028,5
121.50968089699744,25.067338162209563,2
121.56143680214882,25.03445965574425,4
121.55584171414375,25.024741154968318,0
121.5485457703471,25.036707459353646,0
121.56804408878088,25.035962300887135,5
121.4672646,25.0220733,1
121.5095819,25.0634516,2
121.52097517624496,25.06038668741011,3
121.532287948,25.0399802253,1
121.5521972,25.0419671,5
121.5572377,25.0337345,1
121.56622672453523,25.03576637627127,4
121.56665688380599,25.03581840718364,4
121.5497507,25.0556771,4
121.56694002449512,25.035782386724975,3
121.5492532029748,25.042216130304123,4
121.47037848830223,25.003303616151584,5
121.5576103,25.0307353,3
121.52871519327162,25.05217136951406,4
121.54436688870192,25.04147945888183,3
121.54397763311863,25.017024940276002,4
121.56891144812106,25.036643348558528,5
121.5645389,25.033976,2
121.56825095415115,25.035539942789626,3
121.5695397,25.0436525,0
121.56786,25.0355031,3
121.5289538,25.057044,3
121.56647231429815,25.06199038581701,6
121.52165209874511,25.05781772992202,2
121.530676,25.061584,2
121.544288737,25.0537208659,2
121.51384335011244,25.04690982799749,4
121.532783383,25.0626988668,4
121.56684413552284,25.03566520095488,3
121.4660048,25.0843998,0
121.5301432,25.0611284,3
121.5674181,25.0361287,3
121.56811717897654,25.035679071353997,4
121.5572866,25.05819169999999,0
121.528137,25.052296,3
121.51094237342477,25.01190193105154,1
121.5170386,24.9951365,2
121.557286,25.032249,1
121.526217735,25.0504252067,4
121.5333251,25.0568858,5
121.530169,25.062101,1
121.556836765,25.0178623732,4
121.56623527407646,25.03589171401257,2
121.584591275,25.0472368302,5
121.4588889,25.00722219999999,7
121.45510699599981,25.002024989689737,4
121.55476480722427,25.041284147450497,1
121.51086458936334,25.02487558852317,7
121.51423461735249,25.059286751326205,3
121.53831280767918,25.028852243112233,2
121.4820399,24.99559989999999,3
121.5924348,25.0548664,5
121.50622051209211,25.04362388164006,6
121.5377347,25.0517675,5
121.5294248,25.0500696,4
121.5252669,25.0857562,6
121.48991972208023,25.058393164817275,3
121.4886251,25.0538745,2
121.51962921023369,25.032873560774924,2
121.451557929,25.0502138212,3
121.51164796203375,25.063219817050847,1
121.5422636,25.047369,4
121.4667183,25.0319042,5
121.477335123,25.06684371,4
121.51483878493309,25.065668730541606,4
121.525973,25.060391,2
121.52706563472748,25.054842438948587,3
121.5189722366631,25.028935813511062,1
121.5209284,25.0610569,3
121.5514383,25.0417621,4
121.50527771562338,25.04300205415096,3
121.54012329876423,25.048557086572522,2
121.576455,25.075698,1
121.5056019,25.0449644,1
121.5460582,25.06186289999999,3
121.56770898029208,25.0357818998599,3
121.51869311928749,25.048853350942366,5
121.53385195881128,25.118273622504873,3
121.5280186,25.0499476,2
121.55656054615974,25.028024711379267,4
121.5526445,25.0323385,5
121.544362,25.041404,2
121.54437627643347,25.04146873112049,1
121.52573123574257,25.052385673485198,1
121.5479358,25.0436675,2
121.50461,25.042989,3
121.55257226899266,25.027857961077604,5
121.553799,25.025073,2
121.5442506,25.0490086,1
121.53039,25.110838,4
121.527155,25.097648,3
121.53752088546753,25.04138732267414,2
121.56681,25.0356839,4
121.58529505133629,25.077284941669802,3
121.56736046075821,25.0406378945827,5
121.5592693,25.0796566,4
121.5116063,25.0443137,0
121.5419433,25.0048776,5
121.5699925,25.02625069999999,3
121.4695298,25.0485316,3
121.54616279527545,25.0360820274635,4
121.5475107,25.051986,1
121.5497222,25.0247222,3
121.50889,25.042739,1
121.526155,25.0494529,5
121.5245326,25.0491202,4
121.52562461793421,25.058539052922576,0
121.5367628261447,25.00670046806834,3
121.443891,25.0518142,2
121.55393332242966,25.043709552705906,1
121.55997030436993,25.04620425698917,5
121.5230358,25.0575298,2
121.5272096,25.0502994,1
121.51825860142708,25.07180247466839,3
121.5235914,25.0511687,2
121.501353,25.061161,2
121.5538973,25.0463073,1
121.4937741,25.0548859,3
121.5485032,25.0423194,5
121.502077,25.03944,5
121.5254986,25.0642894,1
121.5406915,25.04824099999999,1
121.5565263479948,25.041472533763525,2
121.5323709,25.0399793,1
121.524569503963,25.05069057567956,4
121.55365269631147,25.058151961308223,2
121.5517693,25.0417155,2
121.5419864282012,25.048365161491066,1
121.554732,25.041609,5
121.54933903366327,25.041373810593296,1
121.55818797647953,25.032935952061806,3
121.5422769,25.0332039,7
121.56326489523053,25.023282423285732,3
121.5242861,25.0396773,1
121.5534595772624,25.04458132982228,0
121.5495413,25.0432966,2
121.5504897,25.0333837,0
121.5414082,25.0471276,2
121.55491756,25.04820693,2
121.50488745421171,25.04312630589574,2
121.508778,25.042634,1
121.507201,25.0426079,3
121.5080673,25.0429041,3
121.542787452,25.0664598699,3
121.504535239,25.0463008983,3
121.5117081440985,25.056218757019252,1
121.5258018,25.0579322,3
121.557279,25.0288259,3
121.5440554,25.0309811,2
121.51481011882424,25.06767497283213,0
121.59326087683438,25.04909789928513,2
121.5531762689352,25.037732381538458,3
121.5492348,25.0419165,1
121.55337944626808,25.023559331722133,0
121.53332,25.056855,5
121.52491886168718,25.060385039311036,5
121.54366012662649,25.04329037516224,2
121.53627835214138,25.03858403516641,6
121.5496046,25.0334135,1
121.5246901,25.0582852,2
121.5463826,25.0312062,3
121.54372,25.03248,5
121.5384839,25.0442122,2
121.5518712066114,25.055400579300287,6
121.566016,25.035781,6
121.56757403165102,25.03551948806711,5
121.5665421,25.0356697,5
121.50805648416281,25.025717179885856,3
121.51180922985077,25.056429503308156,3
121.5688457340002,25.044051435726963,2
121.55174899846315,25.038311695811853,2
121.54845960438251,25.033525287863256,3
121.456875,25.005347,6
121.549268,25.033488,3
121.507592,25.042114,4
121.51199229061605,25.056667067857717,2
121.54176346957684,25.02512255913745,2
121.56883668154478,25.042344118035526,1
121.5243879,25.0512365,4
121.55130945146084,25.042041394247423,2
121.5249159,25.0509333,4
121.50562455877662,25.046803874516712,4
121.5213780105114,25.051104762772844,6
121.5052719,25.0416743,3
121.544907,25.039127,3
121.52640145272017,25.06042906779011,5
121.50848764926195,25.04314006520934,3
121.5775666,25.0475428,4
121.51963826268911,25.026695862265402,1
121.5238551,25.0659489,1
121.54214652255176,25.047497582354023,5
121.518497,25.0320516,2
121.5146308,25.0076496,2
121.5548213,25.0411335,1
121.5200111,24.9967603,1
121.54317330569029,25.051986456864768,5
121.467889,25.007608,1
121.52427848428488,25.0575040973047,2
121.5378852,25.0517489,5
121.53734687715769,25.052095942156626,4
121.530162,25.059944,4
121.55543,25.0427369,3
121.563618645,25.0285039593,3
121.56707178801298,25.041642031307333,1
121.4604535,25.023505,5
121.5516765,25.04181329999999,3
121.5575828,25.0307147,1
121.5115966,25.0290827,0
121.5061146,25.0438479,3
121.5090418,25.0556299,5
121.5007468,25.0421793,4
121.4789141,25.0893926,2
121.5167152,25.0326447,7
121.48492712527514,25.07191903847457,3
121.5262602,24.99315,2
121.52757508680223,25.049290686617383,2
121.5231167,25.04973279999999,1
121.52614463120699,25.052066336410533,1
121.565848,25.040559,1
121.5571968,25.0307049,3
121.5686595,25.0362013,5
121.55461,25.03697,4
121.55428301542997,25.030800485743043,4
121.5680753,25.0412432,4
121.52932807803154,25.041455926304437,4
121.5246683,25.05030380000001,3
121.50650817900896,25.045330701670743,2
121.534803,25.0635344,1
121.5257228538394,25.06098744983136,3
121.5802189,25.0739896,2
121.54768612235785,25.037129422810082,2
121.5503173,25.0559404,2
121.51992257684469,25.041671140620654,1
121.54498614370823,25.040823593954535,5
121.543231,25.028751,6
121.55477771535514,25.028202274249047,2
121.5566104,25.0284856,3
121.544874,25.054425,6
121.5563192,25.0299707,1
121.5593052841723,25.051333271798637,1
121.52468483895063,25.048819069764342,1
121.55471619218588,25.04114107583814,1
121.5660351,25.0517966,3
121.5442413,25.041398,1
121.5547752007842,25.04267278461564,1
121.5262264,25.0504038,1
121.53716616332531,25.044876839098073,1
121.52208041399717,25.061460175089643,1
121.56767260283232,25.0534493707686,5
121.52337826788425,25.049545275048594,2
121.535985,25.052306,2
121.528792,25.0561846,1
121.527929769,25.0547910223,4
121.527856,25.054791,3
121.5088216,25.0455947,1
121.52483236044645,25.06617773229407,1
121.5543625,25.022955,5
121.50555063039064,25.047027270563852,3
121.5420191,25.0483927,4
121.55536629259586,25.04041209640122,4
121.51812549680471,25.04882086559369,6
121.56627751886845,25.03446315269185,4
121.46272648125887,25.083613867705104,2
121.5454337,25.0524263,1
121.52908936142921,25.062816543254293,5
121.48194549,25.0746996428,3
121.462758822,25.091204513,4
121.54065923765302,25.048221038968393,4
121.4605314284563,25.085725612403103,4
121.3054626,25.0173408,3
121.553503,25.035682,2
121.52565009891987,25.05061336161885,5
121.54064800590275,25.04295254493698,1
121.54434006661177,25.04164445839428,1
121.5314245596528,25.05716501893657,5
121.55115455389021,25.04592891467601,2
121.5557737,25.034296,1
121.5473805181682,25.034743776108073,2
121.5255931019783,25.064358126504032,1
121.508774,25.0152729,1
121.5057331,24.9966926,1
121.54905337840319,25.041968242264353,3
121.56608020886779,25.051431052452987,3
121.550641,25.041697,5
121.525202,25.0506123,4
121.551655,25.0416768,4
121.5660055,25.0515499,2
121.571393,25.0436989,1
121.518176541,25.044911878,2
121.4973881,25.0624868,1
121.5414095,25.0471081,2
121.507398,25.042487,4
121.50997107848525,24.99518522991944,4
121.5333613,25.0568854,5
121.5269102,25.0582605,4
121.510516,25.047468,3
121.566066,25.03530899999999,0
121.56751401722431,25.04151409445455,4
121.52528028935194,25.051850632529522,3
121.51840360835195,25.049028172294214,1
121.5252106,25.0507481,1
121.50727864354849,25.03958646448733,3
121.5001784,25.004753,4
121.5056286,25.0407512,3
121.32545605301858,24.973441637854485,0
121.55486304312944,25.041348748830117,2
121.530813,25.0589345,1
121.56634122133255,25.035880447775476,5
121.528236,25.049546,3
121.524389,25.052372,5
121.52795864269137,25.02996336026756,1
121.48688,25.05918,5
121.4893995,25.0581863,2
121.536208644,25.045816284,0
121.54201794415712,25.047655677768823,3
121.513129575,25.0466533989,1
121.5318212,25.0573544,0
121.55554365366697,25.05318286084606,2
121.60206338390708,25.054689173133923,0
121.497651,25.062251,2
121.5251468,25.0602089,6
121.57642180100083,25.03728021437064,5
121.4939745515585,25.02692229128306,2
121.52628427371383,25.05003812423915,5
121.53093388304113,25.026130003385102,4
121.5333333,25.0569444,5
121.45495980978012,25.054405910871658,3
121.510074884,25.042113591,3
121.5493987,25.0418932,7
121.50713346898556,25.044915193889935,3
121.516954,25.0663663,1
121.5503898,25.0417854,5
121.4774926,25.030028,2
121.56682636588812,25.03596583496983,4
121.52939513325691,25.04814789229779,0
121.54040157794952,25.04795683713123,3
121.5422355,25.0479636,3
121.5246949,25.05025269999999,3
121.49959746748209,25.06301759871309,2
121.6114253,25.0704972,3
121.5289457,25.0570718,3
121.36328391730785,25.07226735925338,5
121.5459651,25.0575084,2
121.50529481470585,25.043106246157222,3
121.52862064540386,25.011848167260396,4
121.48885823786259,25.091505780321015,5
121.5444561,25.0544244,1
121.50528,25.043021,3
121.50571089237928,25.043929660352624,1
121.508884088,25.0427323132,2
121.5281693,25.0482023,0
121.5252144,25.0507717,1
121.5364614,25.0565505,4
121.56390946358442,25.028836293661925,1
121.5272374,25.0546939,1
121.45687,25.015264,7
121.522133,25.0491195,4
121.5329723,25.0341474,1
121.51960372924805,25.0415313447754,2
121.51255505159499,25.05828526154408,0
121.54694197699428,25.0452848211919,1
121.5260818,25.05097169999999,4
121.525348074,25.0555470736,0
121.52812208980322,25.052225150988782,6
121.50509297847748,25.046951394626877,3
121.5422238,25.0475352,4
121.51878867298365,25.049448521509824,5
121.54438968747854,25.041534597414163,2
121.519879,25.050137,4
121.5259272,25.0582094,5
121.5301975,25.0468721,1
121.52492623776197,25.106735988885347,1
121.5541643,25.0308189,1
121.4726047,25.0305943,2
121.50522055104375,25.04056834861059,2
121.52613390237093,25.054922572063244,2
121.54851995408535,25.041692555087366,2
121.5402015,25.0482139,3
121.49883035570383,25.057853970126978,1
121.5150454826653,25.0012751439516,7
121.536681,25.004641,3
121.5401641,24.9767992,4
121.520151,25.0075041,3
121.53501218184829,25.048563138950406,1
121.45626755431294,24.996214017780318,0
121.53286574408412,25.05245046569184,2
121.56687095761299,25.035772330890843,5
121.54503861442208,25.057860681121653,2
121.5259705,25.0364019,2
121.547102,25.041831,2
121.5527524,25.0523812,1
121.572064,25.048369,1
121.54426,25.036159,3
121.54613178223372,25.04402702052949,4
121.542841,25.047178,4
121.59542893990874,25.07111520523005,5
121.55439097434282,25.04141374281591,5
121.5521377,25.0416806,2
121.54739610850811,25.020018649197727,3
121.36332415044308,25.07227455272626,6
121.5546253323555,25.02768056488415,2
121.5334645,25.0586125,5
121.568159,25.038241,1
121.5774632,25.0502599,3
121.507504619658,25.04895166582881,3
121.51210628449917,24.9910025253402,1
121.50567401200533,24.99708555091511,1
121.5685211867094,25.036623656364924,2
121.5674764662981,25.03581425201245,1
121.5262353233993,25.05041396785621,1
121.54409598559141,25.040946391690138,1
121.5661111,25.0355556,1
121.567729,25.035728,2
121.558266,25.032829,1
121.561445,25.029129,1
121.4923825,25.0645757,1
121.5276048,25.04965799999999,1
121.5526489,25.0302055,5
121.5080659,25.0133257,4
121.5425894,25.0383476,2
121.5645294,25.0338489,6
121.56500816345215,25.053948055858,1
121.52845468372105,25.011799724556944,2
121.5504213,25.0412714,1
121.5467399,25.0528815,5
121.54923677444458,25.0419386655075,7
121.5419278,25.0617907,0
121.544127,25.046533,0
121.5253585,25.0512531,1
121.452713,25.0536767,3
121.5530053,25.0331403,4
121.54832566156983,25.041654014718027,5
121.52821931988001,25.051841512076628,2
121.5257278,25.0611307,2
121.5260788,25.0510118,4
121.5256461,25.0578702,4
121.52239389717579,25.024928275066852,3
121.5284519,25.0523055,4
121.472249,25.0800091,0
121.57962922006845,25.058265197711474,4
121.5514998,25.0433752,5
121.5232287,25.0079716,5
121.5532359,25.0333798,4
121.50482643395662,24.990461365947382,3
121.50874312967062,25.042514124535725,4
121.55438728630543,25.03350721333046,3
121.50804776698351,25.046127987413158,3
121.55579410493372,25.02738421044605,2
121.55240379273891,25.025154120598806,3
121.5234298,25.0217693,2
121.52024444192648,25.031682538930518,3
121.5383972,25.0309638,3
121.51440560817719,25.029476282709695,1
121.5171412,25.03153439999999,1
121.5146860666573,24.996352559865866,1
121.53379764407873,25.019459702067394,1
121.5688407048583,25.042349281940112,1
121.5663268044591,25.04418002930747,4
121.56822815537454,25.035551790341096,3
121.46204620599747,25.006693655362653,1
121.47714871913195,25.034153802230982,7
121.54103407636285,25.056095153938667,1
121.5233555,25.0666602,1
121.5003818,25.0609383,3
121.48827,25.057438,4
121.4984131,25.0607082,1
121.543505,25.041874,4
121.51645548641682,25.063112658719945,1
121.54412649571896,25.04650589679143,0
121.53333110734822,25.05686842856067,3
121.5553675,25.0385163,2
121.524978,25.054426,4
121.5162398,25.057232,2
121.5514003,25.0416641,4
121.58248107880353,25.045093146362923,4
121.5583295,25.0513118,2
121.4957009,25.0597621,5
121.52521742507815,25.055632555480244,1
121.544171862,25.0249752972,2
121.5483089,25.0417523,5
121.5544749,25.0387837,2
121.54896453022957,25.04196843347411,5
121.52170088142157,25.013913167187344,2
121.5260152,25.0581954,2
121.573201,25.075855,3
121.5732493,25.0412392,1
121.5559331,25.0416119,3
121.52231644839047,25.02687347979633,5
121.52290368452668,25.049693356961527,2
121.550302,25.0353769,2
121.52339771389961,25.029425493567903,3
121.546052,25.043016,2
121.55154649168253,25.04206547225197,3
121.511897072196,25.05606808561302,3
121.56001791357994,25.04604705799334,5
121.52576912194489,25.060957539962295,2
121.54885321855545,25.041038565100706,3
121.52185276150703,25.013743484701497,3
121.53316363692284,25.053664729708466,1
121.50228369981049,24.994877726964646,4
121.5506388992071,25.044891305914078,3
121.5622734,25.0591086,2
121.5678,25.035731,4
121.548277,25.041745,5
121.54462438076735,25.04164744529374,1
121.53321979567409,25.106830309916695,4
121.51647124439478,25.02586583280643,3
121.4954721,25.0250098,2
121.523071,25.068285,1
121.5659995,25.0353558,1
121.5575426,25.0306284,2
121.56612765043974,25.041408135199937,2
121.56782280653715,25.03576200184637,1
121.50509130209684,25.046778480152593,4
121.53055988252163,25.06487536626458,2
121.483931,25.070006,2
121.5283173,25.0547633,5
121.53499122709036,25.06232074014673,1
121.52538,25.0560416,2
121.52461342513561,25.058504327050528,1
121.52393532916903,25.049327037525906,1
121.5259327,25.0548026,1
121.5108902,25.0666721,1
121.56609278172255,25.035298886312237,1
121.5519923,25.0421738,3
121.54903527349234,25.042312125280738,1
121.56161047518253,25.039897220060688,5
121.5088701993227,25.04223190408066,1
121.50731,25.04172,2
121.51726081967354,25.05113128028367,1
121.5281047,25.0518481,2
121.5078365,25.05676489999999,4
121.5703892,25.018564,4
121.45726315677166,24.99433358217422,0
121.49408519268036,25.034109125919453,5
121.5115986764431,25.05432027241151,3
121.525685,25.049806,1
121.5420989,25.0448964,3
121.52235500514507,25.051094688379695,4
121.51182230561972,25.056224644238092,5
121.55744802206753,25.039238656478673,2
121.21386593207717,24.958617674598703,1
121.533149356,25.0472385082,1
121.51680450886488,25.049079799897676,7
121.5342071838677,25.065267873234742,1
121.5178419,25.0050877,5
121.56849,25.0546078,1
121.5428506,25.0471723,4
121.51148736476898,25.012823736644478,2
121.5146025,25.053905,5
121.5532367862761,25.08571418135121,2
121.54911221936345,25.03556044251492,4
121.505395,25.02838,0
121.5122272,24.9850193,3
121.462357,25.0844289,3
121.5438773855567,25.048646335568566,5
121.527929,25.054789,4
121.54166,25.025266,4
121.5814611,25.0370172,4
121.56612714752555,25.05188088607005,3
121.483427,25.020644,6
121.55620850622654,25.051839443537958,2
121.54853705316782,25.042417277122055,6
121.5411459,25.0560164,4
121.577260979,25.0776752484,2
121.50758843868971,25.08763905061327,5
121.5276296,25.0502785,1
121.5056413,25.0405936,3
121.51148200035095,25.056712945790803,4
121.50910489261149,25.043395602357563,2
121.486937,25.057303,3
121.44325163215399,24.97067232657971,5
121.5072165,25.0434748,2
121.50889903306961,25.042736475131957,2
121.520213845,25.007824396,4
121.5043017,25.0396158,1
121.5374045,24.9532523,3
121.525266,24.991032,3
121.53299348428845,25.109934614364143,7
121.54391929507256,25.048738064915177,1
121.45511973649263,25.002422263976925,6
121.501,24.99581239999999,6
121.50974996387959,25.046219573222075,3
121.4603994,25.0201341,7
121.5300556,25.0599364,2
121.5507013,25.0278812,1
121.5195984,25.0631084,1
121.5512512,25.0828894,2
121.5520759,25.0416879,2
121.53589379042386,25.045850558653576,0
121.49407647550106,25.026928419534663,4
121.5075609460473,25.042434536079313,1
121.5142299,25.0615502,0
121.5597737,25.0461301,1
121.53418404981494,25.065271817753672,1
121.46262891590595,25.008455273133357,7
121.5672236,25.0416905,1
121.5275390446186,25.019594781093843,0
121.55231477692723,25.03279146472658,2
121.5328461,25.0540799,3
121.5438068,25.0325596,5
121.5169849,25.0532632,1
121.5120405703783,25.056608159926423,3
121.5440671518445,25.05379158956854,2
121.50837533175945,25.04156881379233,2
121.472638,25.001794,5
121.46114213392138,25.024509815250653,2
121.46023772656916,24.993746340162982,3
121.5093209,25.0509696,3
121.540625,25.0613301,2
121.536905,25.01079,2
121.521218419075,25.094119661837304,4
121.53175514191389,25.068019207675064,5
121.55483923852444,25.041113180198632,1
121.55038107186556,25.041045998438392,3
121.549253678,25.042167872,1
121.5374,25.033749,1
121.556200304,25.0517732935,2
121.57261289656162,25.037261107276706,4
121.54067466035485,25.05154556819923,2
121.56778056174517,25.03574894045198,5
121.546097,25.04412,2
121.53673399239779,25.05630953386602,1
121.548193,25.042691,2
121.5519687,25.0330346,6
121.5311986,25.0417634,1
121.54750473797321,25.020222859551716,1
121.55429810285568,25.031027743664417,4
121.4832430332899,25.061306807540053,4
121.548288,25.041751,5
121.5461315,25.0281978,2
121.2091487646103,24.94428635845746,7
121.513344,25.044618,4
121.555739702,25.034275723,0
121.527061,25.048435,1
121.5601513,25.0368576,4
121.5459986,25.0588474,5
121.55468802899122,25.04164432213455,0
121.5280358,25.0359023,1
121.553636718,25.0524710917,5
121.49145059287548,25.0701669622321,0
121.489877,25.068143,5
121.51109173893927,25.06575973921829,2
121.547754,25.044546,5
121.5443622,25.0414391,5
121.5285367,25.0670246,1
121.45527463406324,24.995965904668864,3
121.5555267,25.0532422,2
121.56715393066406,25.03685533507766,5
121.52223045006394,25.051127910498863,3
121.56873676925898,25.052838308694746,5
121.50519423186779,25.042997526406545,2
121.46984104067087,25.023854815908706,2
121.54387135058641,25.053598061779027,4
121.56846,25.028409,6
121.54393270611763,25.036646720919286,2
121.504457,25.044029,2
121.526008,25.095181,2
121.51888154447079,25.048658996874785,5
121.506708,25.045054,1
121.5077276,25.0476044,4
121.5069646,25.03911,1
121.5538452,25.0288941,1
121.5547816,25.0333337,0
121.5670983,25.0356143,1
121.50466851890087,25.04201772803009,2
121.54550682753325,25.056105782320564,4
121.577915,25.035915,1
121.5574943,25.0444685,3
121.55384514480829,25.028894065411375,2
121.54791930690408,25.04179497378435,5
121.449529355,25.0542273251,1
121.47376243025064,25.029094669004323,5
121.51095679029822,25.052705326354975,0
121.5049072355032,25.043023980078296,5
121.51350472122431,25.050746435390664,0
121.51332937180996,25.05956465373135,7
121.52760526165366,25.04975758704966,1
121.5030227,25.0453186,3
121.543307,25.053981,2
121.494714,25.063751,4
121.501349548,25.0383065127,4
121.4892872,25.0662469,4
121.52793399989605,25.02159753135077,2
121.52975102886558,25.019235825272798,1
121.4434309,25.0526574,3
121.5503354743123,25.041539472585452,5
121.5088463947177,25.04267931307337,6
121.5692917,25.03334349999999,1
121.54333122074604,25.0286896140964,1
121.5672369,25.0367103,3
121.49250403046608,25.056809625348734,0
121.55349109321833,25.03577776943525,2
121.5251824,25.0508147,1
121.5252926,25.0545782,5
121.5468864,25.0586429,1
121.5333645,25.0565654,5
121.5422381,25.0474624,5
121.56824458390474,25.035338030700235,2
121.5579999,25.0486756,2
121.55933747068048,25.079763615386362,5
121.518177,25.044912,1
121.5527917072177,25.041605581402273,3
121.548277275,25.0417453687,5
121.55190691351892,25.041577331696203,1
121.556235,25.051807,2
121.51299677789211,25.00870878013143,3
121.533444,25.053567,2
121.5544158,25.0491366,1
121.54072411358356,25.060116495546318,4
121.5256898291409,25.049638387482247,1
121.52371924370527,25.071105648065547,3
121.54178995639086,25.04701102869511,1
121.538372,25.054597,1
121.544299946,25.0538956198,1
121.549252526,25.0420050796,3
121.52092169970274,25.01304340591649,2
121.54046762734652,25.028358177793123,3
121.4664178714156,25.060690420698315,5
121.54829112812877,25.041690479326128,2
121.5433638,25.0429694,2
121.56756531447172,25.03540217884439,1
121.4858485,25.0627906,1
121.525481,25.061794,3
121.5484663,25.0413158,1
121.5361076,25.0457765,2
121.5658724,25.0528225,3
121.52654595673083,25.048756489630108,4
121.55751306563614,25.035848371671037,2
121.4760293,25.0682992,5
121.518485729,25.0056127007,5
121.536388,25.0583269,1
121.53975432738662,25.057970034005226,5
121.5334656,25.0420644,3
121.55166836455464,25.041709010225823,2
121.54624611139297,25.044375437041715,0
121.54388040304184,25.048804741252223,5
121.5485705807805,25.04193327874061,2
121.5522147,25.0397755,1
121.52765387669206,25.029157404818427,1
121.5493178,25.0438677,1
121.5151377,25.0295848,1
121.5606558,25.0528582,0
121.50751568377018,25.04542980320813,3
121.47290512919426,25.034687340115685,5
121.54399,25.059528,4
121.5187246,25.0245649,2
121.5461539,25.0316497,2
121.631624,25.065786,2
121.5441579,25.0465019,5
121.560715,25.0527895,3
121.5152783319354,25.053810368777498,3
121.52741231024265,25.034000547256223,3
121.532209,25.0516681,3
121.530740939,25.0615961986,2
121.56489215791225,25.027891381433214,5
121.5239614,25.0491499,4
121.5256665,25.05847709999999,1
121.56729139387608,25.036212293053207,3
121.55188,25.063677,2
121.56624499708414,25.036060433412167,1
121.500118,25.0736326,1
121.5516386,25.0381676,1
121.5491384,25.0461824,6
121.54288530349731,25.047364134738363,3
121.55241100117563,25.03282004242127,2
121.553790356,25.0450727846,0
121.559891887,25.046159176,5
121.542942,25.0411353,3
121.513916,25.008627,2
121.5020724,25.039231,2
121.546638,25.046885,2
121.55567055568099,25.03568914675275,2
121.576834,25.046634,1
121.53806168586016,25.02556339906909,5
121.56811986118555,25.03563836619913,3
121.5073259,25.0367685,2
121.52825988829136,25.062695617932427,5
121.50607902556659,25.04374190948716,3
121.54812516644597,25.028470660266144,3
121.63219884037971,25.06523599551781,1
121.631623167,25.0657853493,2
121.56596940010786,25.035217603361758,2
121.474004,25.080854,4
121.5436393,25.0251416,2
121.56315402,25.0576485256,3
121.54852867126465,25.042782743229694,3
121.5746963,25.0410792,5
121.52723209932446,25.048340818259987,0
121.55546406,25.0427528716,3
121.55370466411114,25.04725928937419,4
121.5574188,25.0403805,3
121.5245891,24.9959066,4
121.506642,25.042724,2
121.5337711,25.0485715,0
121.4981547,25.0386223,3
121.495022143,25.0286545444,4
121.54541663825512,25.04133993851162,2
121.549734,25.0413537,6
121.56624063849449,25.051623188385847,6
121.5514144,25.0305828,2
121.5469743,25.0417681,5
121.506159,25.043877,3
121.5069972,25.0392194,3
121.52595352381468,25.060397283237272,3
121.56822446733713,25.03553781667256,4
121.5605588,25.049448,5
121.5250838175416,25.051224990171974,4
121.47726774215697,25.082076030970455,6
121.5449972,25.0165418,5
121.54926,25.042009,1
121.529635,25.044117,5
121.530643,25.0143923,2
121.511109,25.066612,1
121.5240475,25.0625419,2
121.55522346496582,25.041092031384633,3
121.553831,25.038155,2
121.45292736589907,25.00293382532275,1
121.4684811,25.02149069999999,0
121.46272648125887,25.031016893150927,5
121.469294,25.031962,5
121.456593,25.017075,7
121.45498126745224,25.008477043918592,0
121.54827201738954,25.04163459065224,5
121.5181777998805,25.048996286003447,5
121.5612074,25.0512428,0
121.544274,25.041883,3
121.55744064599276,25.04078069214328,1
121.5063599,25.0405809,3
121.52543485164642,25.057224544702187,3
121.5531816,25.0412356,3
121.5443493,25.055847,5
121.5494466573,25.04216837463548,5
121.55114214867353,25.042095545101027,1
121.51172574609518,25.056223576767508,2
121.48186571896076,25.024616702721794,1
121.55712766572833,25.0331988708501,1
121.5575862,25.0308082,2
121.558482,25.036594,1
121.5658739,25.0397197,4
121.5299411,24.972988,5
121.5751706,25.050193,3
121.5250146,25.0512221,5
121.5187074,25.0705368,1
121.490806,25.065906,2
121.5260088,25.0601287,4
121.53034748509528,25.063760294426288,0
121.4609406,25.0230014,4
121.468559361,25.0214568687,0
121.4676445,25.0316693,5
121.4582101,25.0179312,5
121.5097768,24.9984434,0
121.49709697812796,24.99364307368624,2
121.4624336,25.0300913,4
121.52918307110666,25.06401867050458,1
121.54337145388126,25.02991054641845,2
121.5430852,25.0520992,1
121.51095511391759,25.052704111423406,0
121.52470797300339,25.058515563431712,1
121.528126783669,25.05006805286258,2
121.5513626,25.0388929,5
121.5432957,25.0418612,2
121.5092851,25.0427098,0
121.47919289767742,25.019700167546382,1
121.5004775,25.0388736,1
121.4951912,25.0287439,1
121.52777725830674,25.051192312572994,2
121.51098277419806,25.066824306752636,2
121.524663,25.060407,4
121.5342534519732,25.065188312606907,0
121.634142,25.0654321,1
121.16741040721536,25.04505120465735,3
121.547586,25.04296699999999,1
121.55124507844448,25.04151442535536,6
121.5255931019783,25.00492933239792,3
121.56827643513678,25.04111651801037,0
121.5176356,25.0339778,2
121.4657911,25.0197679,6
121.4600395,25.0278176,5
121.52671644464135,25.050698519701648,2
121.516051,24.99133,4
121.542229,25.047461,7
121.5398434,24.9786648,0
121.5409105271101,24.977909458094654,2
121.51738621294498,24.99435320988727,2
121.5076987,25.0419146,3
121.54742108657956,25.034015964043725,5
121.5541444,25.0314247,1
121.56537495553493,25.03354685531298,1
121.5416595,25.0050461,3
121.46817538887262,25.027520501098145,5
121.52572888880968,25.06017547366914,0
121.5074296,25.0286936,3
121.5442353,25.0489486,5
121.567275,25.03572,1
121.491137,25.050666,3
121.55462767928839,25.03708918795911,3
121.5054541,25.0458486,3
121.516282,25.047539,0
121.5194887,25.026712,3
121.5671263,25.0355474,2
121.54618123546243,25.043476874548404,5
121.5667237713933,25.035774760697258,7
121.546753,25.042117,4
121.542335,25.0479439,5
121.54052194207907,25.047984174400792,2
121.54626220464705,25.043652698946744,2
121.54923107475042,25.041582487400007,2
121.5146893,25.0072699,2
121.51749014854431,25.033889795728324,3
121.5435129404068,25.039352856697725,4
121.51626706123352,25.05414958253462,1
121.5503902,25.04178529999999,6
121.5494116,25.0471039,3
121.5679115,25.0355537,3
121.53202839195728,25.028337771105736,4
121.509619963,25.063398824,2
121.50318793952465,25.043444222897215,3
121.5589041,25.0362419,2
121.5044097,25.041422,2
121.4644159,25.0544084,5
121.45355483517051,25.04517547359415,1
121.42254447564483,25.020578025270325,0
121.4594271,25.0496266,5
121.55480420216918,24.97539461943469,4
121.5334528,25.0535885,2
121.5830353,25.0503956,0
121.5514594,25.0417211,4
121.5436096675694,25.043701654634525,2
121.55403658747673,25.037939550711947,1
121.540537,25.04794559999999,2
121.551184,25.0421879,2
121.54616178944707,25.041587653638985,5
121.48871339857578,25.080715922759058,6
121.488472,25.063348,3
121.48383881896734,25.071372167353573,4
121.53607450425625,25.062169037373728,1
121.48360848426819,25.063681904286344,1
121.479408,25.019482,4
121.54412917792797,25.048443183711797,2
121.54389347881079,25.03314738462641,3
121.5248381,25.0507433,3
121.5446922,25.0478795,1
121.42581995576622,25.026657322638986,2
121.507612,25.034469,2
121.50520864874125,25.043174544424083,6
121.50337686762214,25.044284624098403,5
121.50466617196798,25.043189124735385,3
121.5016382932663,25.044922289899738,6
121.5321538,25.1068493,3
121.45112492144108,25.05839009064384,5
121.52832191437483,25.05004598695536,2
121.533291,25.059366,2
121.507454,25.048984,1
121.50478921830654,25.04313088490449,2
121.549177095294,25.04575578857719,1
121.5017966,25.0662666,1
121.49515204131603,25.08561691094623,3
121.540348494,25.052743159,5
121.546051,25.0436398,5
121.45936030894518,25.007585162656035,6
121.4556856,25.00539029999999,1
121.519548415,25.0211068512,2
121.55779469758272,25.037988312372548,3
121.5475215,25.045275,3
121.5497327,25.0413094,3
121.549308,25.0420039,3
121.50750327855349,25.04190053201671,4
121.5242812,25.0574083,3
121.50746874511242,25.041740423960945,5
121.51606690138578,25.00992809213444,2
121.487984,25.006367,2
121.511768,25.01067999999999,2
121.51725847274065,25.010747235624446,3
121.5150158,25.0680692,5
121.49771321564913,25.121099117496364,2
121.5259954,25.1136631,5
121.5033692,25.0439789,4
121.485408,25.138303,5
121.54567781835796,24.971971963129736,6
121.5520453825593,25.019062358098182,5
121.5237116,25.0505184,2
121.51715956628323,25.03447363252739,1
121.46256839856504,25.031197540089618,0
121.52729462832212,25.051986153441316,4
121.5663305,25.05088469999999,0
121.57324220985174,25.044224539425105,2
121.51125334203243,25.036507020429426,1
121.5523766,25.0339208,1
121.576898003,25.0360900802,2
121.5720055,25.0409201,3
121.56748183071613,25.035227960130925,5
121.561006,25.047404,1
121.563147762,25.0441388234,3
121.53324075043201,25.05695858955856,5
121.466113183,25.0009017161,2
121.56834416091442,25.036323252311007,6
121.52713587507606,25.05471289536436,6
121.54730156064034,25.0436553032853,2
121.4781391248107,25.0877265082309,6
121.5184242,25.059268,3
121.556688,25.041745,5
121.52670856565237,25.057966387095036,4
121.50874765589833,25.041836282113906,1
121.56663626432419,25.03504339256533,3
121.46713737398386,24.98244274095689,6
121.5530264005065,25.03266417403122,3
121.569366236,25.0446250993,3
121.51744320988655,25.049338299111355,3
121.56618800014257,25.036301996703195,1
121.49773,25.0384008,4
121.5260019,25.0504769,4
121.55384983867407,25.023230802164,2
121.5596467629075,25.045425253802865,6
121.49493109434843,25.031700915582498,1
121.5373720228672,25.036410255152656,1
121.57280148938298,25.040975693128075,4
121.457790536,25.0566014069,6
121.4591677,25.0491331,6
121.553664,25.044632,2
121.5503151,25.0283503,3
121.54036117717624,25.047194762822983,4
121.5333178639412,25.05684307747166,3
121.4550694450736,25.00193580568664,5
121.5074697509408,25.042112251354276,2
121.523567956,25.0655158388,0
121.49712916463614,25.064858030808562,2
121.5049224,25.0437277,1
121.497927,25.061632,2
121.46849406883122,25.021328138264227,0
121.4960837,25.06184919999999,2
121.5269597,25.0547732,2
121.4687192067504,25.072325422277043,3
121.49715263396502,25.06428527043613,2
121.50280907750128,25.06338599183747,2
121.503269,25.0107,4
121.5060503,24.9979878,4
121.5110434,25.0891142,5
121.549246,25.0427,3
121.56724194064736,25.041742520520764,3
121.4707918,25.0042239,2
121.50311451405287,25.045659649418205,5
121.55489791184664,25.040569590160487,5
121.534939,25.061139,6
121.5280506759882,25.034187475292242,3
121.57413689419627,25.045632422047404,3
121.5609010308981,25.05293561959065,7
121.5118739,25.0563132,1
121.51912160217762,25.029011940002277,1
121.5545983,25.0234704,5
121.5393665805459,25.028678679219027,1
121.5513978,25.0452109,0
121.60723552107811,25.072592624259848,1
121.5065641,25.04457979999999,3
121.4963971,25.0388059,2
121.5157968,25.0755045,2
121.4745747,24.9990734,5
121.522048227489,25.052534035660955,7
121.52829945087433,25.05250658513693,2
121.5240216627717,25.066031835245347,1
121.5246548,25.0499722,5
121.4891338,25.0504885,2
121.52433279901743,25.064857448597238,4
121.49018660187721,25.05825263294966,3
121.53722785413264,25.05777702120087,1
121.540838,25.064854,1
121.536101,25.025655,2
121.50042191147804,25.06307804088341,3
121.46050091832876,24.99765248880076,1
121.503981,24.993336,3
121.4618172,25.1389266,4
121.534322,25.1185898,5
121.54367957264185,25.04335644135015,2
121.56726356595755,25.04175518079142,3
121.56595682725312,25.05131392952,7
121.56085912138224,25.051413701998236,1
121.49145428091288,25.077999123630065,2
121.540572,25.0593184,3
121.52312781661749,25.10163790969126,3
121.466511,24.9992132,6
121.5287948,25.0565165,3
121.53094913810492,25.107543291747533,4
121.46221769973636,25.01524158994018,3
121.4882166,25.057355,4
121.52910981327295,25.102149603033617,4
121.5227554,25.1038385,6
121.5700894,25.04610019999999,0
121.5660934522748,25.040151618507565,1
121.53345264494419,25.109556308353888,1
121.521852,25.052066,2
121.5699586,25.051548,3
121.5573328,25.0366502,2
121.5292946,25.0240177,2
121.520226,25.033094,2
121.576556,25.04502,3
121.567184,25.041239,3
121.54829766601324,25.04138611382124,1
121.551695,25.0577332,1
121.54434777796268,25.041504124744485,3
121.55114952474833,25.0445070113011,4
121.55169300734997,25.033183172873123,1
121.52520418167114,25.05141795890841,2
121.56824190169574,25.035578826347432,4
121.5655617043376,25.036111338409057,1
121.52817523106933,25.049983743714026,3
121.5438324585557,24.971966630936922,7
121.5380825,24.979532,5
121.58436566591263,25.079047095627246,2
121.5662213601172,25.0351861753948,1
121.55111901462078,25.041618034717402,0
121.54886160045862,25.042695024495096,3
121.524865,25.044617,1
121.4881371,25.0829561,2
121.4992705,25.0369356,2
121.4799051,25.0188669,3
121.49832593277097,25.02535036187409,2
121.55477000400424,25.028203793216946,4
121.54198843985796,25.04825673822756,1
121.5079790353775,25.046379080764808,3
121.5503891184926,25.030817797517198,5
121.524885,25.0508953,4
121.502129,25.039958,3
121.5543429,25.0303914,2
121.54791209846735,25.041849798612944,5
121.55330266803503,25.038855606398585,4
121.537246,25.051787,5
121.53747528791428,25.03332083865711,2
121.54888942837715,25.055347178801107,1
121.55476028099656,25.02820271213521,3
121.5573075,25.0345677,2
121.5273098833859,25.052049989126786,2
121.5575682,25.0313255,2
121.5473022,25.0239634,2
121.4639972,24.9972552,2
121.55888333916664,25.033403909891813,5
121.54040409252048,25.04828520989585,5
121.56603176146746,25.04142026743391,2
121.56635228544474,25.04414995764783,2
121.5282226,25.0292947,7
121.517353648,25.0566684776,0
121.50671,25.0449299,2
121.56690280884504,25.035841894722132,1
121.57265229150653,25.047724980529285,3
121.5388398617506,25.06544871091955,1
121.5256784297526,25.059978361989366,2
121.54495127499104,25.027805876806173,2
121.5676851,25.0352644,2
121.44469600170851,24.996373562477274,0
121.54385928064583,25.036696100063644,3
121.5580286,25.0320826,4
121.5588042140007,25.05267426059369,7
121.52556108310819,25.057863103388907,2
121.5254939,25.051652,0
121.51192791759968,25.05629254039885,4
121.5310796,25.0440745,3
121.54450435191393,25.04439025454516,5
121.52368169277906,25.058049252365425,2
121.5187085,25.04885329999999,2
121.526971,25.042154,3
121.474144,25.0555244,3
121.51419807225466,25.00888196984902,1
121.4596753,25.0072909,3
121.54853906482458,25.059855052921307,5
121.520715,25.080779,2
121.54366917908192,25.04333608665731,2
121.5069323,25.0084293,5
121.5443372,25.0443203,0
121.52435006573796,25.048610822738528,6
121.5365841,25.01069679999999,2
121.5059302,25.0061525,1
121.5172269,25.0574069,1
121.54846731573342,25.033596676237366,3
121.5186146646738,25.049153892421245,5
121.50790996849537,25.043024874991335,4
121.54617637395859,25.04369482610658,3
121.52485515922308,25.050755412739516,3
121.5172266215086,25.034492209182762,5
121.503254975,25.0042176842,2
121.55607657507062,25.047005834205713,1
121.50526078417897,25.040592350628174,2
121.524139,25.0648286,4
121.5122083760798,24.988998348003655,1
121.56855840235949,25.0359694722642,0
121.5660025,25.0511503,4
121.54333390295506,25.030293830032416,6
121.424770648,25.0282333176,0
121.4227275364101,25.0250163526555,0
121.41657991334796,25.028695940864257,0
121.42110178247094,25.023581489938454,0
121.424575319,25.0282068025,0
121.43497718498111,25.024941617471796,0
121.42108166590333,25.023527773365586,0
121.42356036230922,25.019686951618333,0
121.42872361466287,25.025760360193566,0
121.5382632,25.0414768,4
121.5648172236979,25.048864261191547,3
121.46225390955806,25.018587947203173,5
121.51144243776798,25.01284638838275,2
121.526253,25.054819,2
121.51094606146216,25.05270137782731,1
121.55481124296784,25.028160958315155,3
121.5440247,25.0413898,2
121.55809711664915,25.033493265160935,6
121.54918380081654,25.04178945295823,3
121.54899906367064,25.041831438333737,2
121.552927,25.059026,6
121.527773,25.0505894,1
121.52426809072495,25.05770240257086,2
121.52337994426489,25.06838520869757,2
121.5161757,25.0506743,2
121.547007,25.041844,2
121.52421411126852,25.057701016074915,2
121.5202706,24.9994152,5
121.5071923,25.0306802,5
121.431073,25.039436,1
121.564738,25.059459,1
121.5435893,25.0438139,2
121.54668699949978,25.025146873418013,5
121.5446383,25.0438598,4
121.58028787001967,25.045285789986075,3
121.5416014,25.0472235,5
121.4578138,25.0093129,6
121.5253041,25.0544811,1
121.5623271279037,25.048177380839807,1
121.52324583381414,24.99411296643899,3
121.51186438277364,25.0688320606219,1
121.4562846,25.0054662,6
121.526922603,25.0547972393,1
121.545051,25.041782,2
121.544822,25.041058,1
121.5529816,25.0418903,1
121.5522749,25.0351375,3
121.55602192506194,25.046949640987904,1
121.50888126343489,25.015189358098482,3
121.56651690602303,25.035861337093735,1
121.49549402296543,25.082401100092227,4
121.52681,25.06481,1
121.497763,25.038408,2
121.54573984444141,24.972021944212617,6
121.5058119,25.04182990000001,2
121.45985785871744,25.08224921730681,3
121.5060201846063,25.043693122479553,3
121.509309,25.042787,3
121.56824089586735,25.035622415357235,4
121.5113887,25.0420926,3
121.54910400509833,25.033452835560766,2
121.548026,25.0356547,1
121.56823385506868,25.036135288392295,7
121.5740661509335,25.038809149100807,5
121.46068833768369,24.997667854464588,0
121.5406285,25.0482057,4
121.57904550433159,25.036616309581845,1
121.56537026166916,25.035314939902918,6
121.50402579456568,25.044199816845634,5
121.46298296749592,25.040332813421717,2
121.45638037472963,25.016996388689634,7
121.55679104849696,25.01982275556046,3
121.5175818,25.0498408,5
121.5485018,25.0423206,3
121.54904633760454,25.04184169634719,5
121.53228186070919,25.05068746684566,3
121.540429,25.028051,2
121.54368828982115,25.03305452247843,3
121.55709698796272,25.022096284815532,3
121.5528042,25.0431767,1
121.54949,25.0479518,5
121.545763,25.041391,5
121.5170715,24.9918234,2
121.54332082718611,25.027717775693077,2
121.56798541545868,25.035746805988083,2
121.5392185,25.0554087,1
121.5388434,25.0465678,4
121.5271804,25.0562522,1
121.54297985136509,25.065440662965162,2
121.5017269,25.0638408,3
121.52044594287872,25.069397665221636,3
121.59143630415201,25.037636275375746,5
121.54423110187054,25.066475996088975,2
121.55425921082497,25.031634942985704,1
121.505193389,24.9826570094,6
121.5097656,24.9978676,6
121.54619162902236,25.043637848243375,5
121.5676745,25.03546529999999,4
121.50565389543772,25.04071262820914,4
121.5171464,25.006897,1
121.48111822083592,25.019620007878203,1
121.49496579542755,25.028649350975734,4
121.55426859855652,25.02608153105557,2
121.52481324970722,25.05043162823622,1
121.5181025,25.025411,1
121.5584008,25.05292379999999,5
121.5674269,25.0355375,2
121.5173659,25.0876293,2
121.510953,25.047179,5
121.539483,25.000027,3
121.566848,25.044506,3
121.549289,25.047858,1
121.5251475200057,25.049068138117672,3
121.55475240200758,25.041039969962277,1
121.53907421976328,25.02776668857871,2
121.5171935,25.049308,0
121.583326,25.037684,4
121.521721,25.063654,3
121.5221898,25.0583233,1
121.534654,25.050865,2
121.52199324220419,25.050407302963634,0
121.54849765822291,25.041665567501155,1
121.5087897,25.0425538,5
121.54438801109791,25.041370500865728,3
121.54933484271169,25.05165715110349,5
121.54919134452939,25.041867573761003,1
121.56396344304085,25.052146189925466,4
121.566649,25.042873,2
121.54903393238783,25.041905443184465,7
121.52253773063421,25.049707908224963,4
121.52507543563843,25.050872598988526,4
121.5159731,25.068701,1
121.526002,25.057543,0
121.52604907751083,25.06027341339223,2
121.4568052,25.0155505,7
121.45259963348508,24.996641852898307,2
121.537524542,25.0015460192,2
121.52526218444109,25.062748769776107,2
121.50357250124216,25.00907623625176,3
121.459128,25.007123,5
121.50778993964195,25.04204116840313,4
121.505268,25.043089,3
121.46497584879398,25.011517709049137,6
121.5052954852581,25.040513036830276,3
121.45255252718925,24.99736937680296,1
121.45958829671144,25.007554923256166,2
121.530536903,25.02281596,1
121.56744384765625,25.03571128845215,0
121.4529059,24.9971306,2
121.509277,25.050593,1
121.52459967881441,25.060852923550872,2
121.52277577668428,25.061517071896617,1
121.55083704739809,25.04459849374549,3
121.5170231088996,25.00689006415917,1
121.5085144713521,25.005494213853822,1
121.52624856680632,25.050508869116072,4
121.5118471160531,25.054142037379773,0
121.54387671500444,25.05491168652204,6
121.5801791,25.0676172,5
121.55261870473623,25.022195254559676,1
121.508555,24.99084,1
121.63999401032925,25.063601425515376,1
121.6445642,25.0804208,4
121.63996517658234,25.063566803039137,1
121.5652855,25.0412494,3
121.580203807,25.0739849284,2
121.5505655,25.0449148,4
121.56179437413813,25.03015181450398,7
121.5548313,25.051841,1
121.56265385448933,25.04064094844356,2
121.553027,25.0308089,2
121.56621716916561,25.03575983649324,4
121.3743598,25.07885409999999,1
121.56992264091969,25.026276971625236,3
121.61145631223917,25.07054688376717,3
121.54087264090776,25.06696540620874,1
121.562481,25.085646,4
121.578971,25.041154,7
121.5437006,25.047918,5
121.30538592115045,25.017312513976965,2
121.50578197091818,25.04641628989397,1
121.49592384696005,24.99910148487549,2
121.5045362,25.0407411,4
121.54841668903828,25.033540763872224,2
121.51166137307882,25.056235721654033,3
121.56681898981333,25.035865871196425,5
121.56717,25.0451602,2
121.550344,25.025975,2
121.52134850621223,25.012844605952658,2
121.502457,24.9955,5
121.522332,24.996767,4
121.51539,25.027292,4
121.57353188842535,25.06279918492403,3
121.57951,25.05456,2
121.458862,25.007159,3
121.507608,25.042412,3
121.5228118,25.0513881,4
121.55041560530663,25.02835022248798,3
121.53425278142095,25.06519012565498,0
121.5523662418127,25.041684862313105,2
121.5260282,25.0682705,2
121.5300912,25.061164,1
121.5293982,25.0550099,2
121.52791237458587,25.054887808428344,4
121.479050381,25.0097290502,1
121.516945,25.056071,5
121.480875,25.0684,3
121.54183186590672,25.04226484298274,5
121.51168819516897,25.056180193326444,5
121.55150759965181,25.041499203326033,4
121.5536136,25.0387796,0
121.555638,25.0332918,3
121.5439625,25.0595347,1
121.55053328722715,25.042999471883235,2
121.5533335134387,25.03465244172782,0
121.56612480059266,25.05187602631098,3
121.55234780162571,25.035239615333644,1
121.5178228,25.0112482,3
121.5174185,25.0514328,1
121.5278283,25.05053180000001,4
121.511671746,25.0106498774,2
121.55288223177195,25.041574901598754,3
121.54335033148527,25.03028745007336,4
121.5345641,25.0400739,1
121.50694470852613,25.047635021920517,3
121.54422003775834,25.041440334908366,2
121.54658373445272,25.041676508470715,5
121.5429178,25.0289553,4
121.487232,25.072172,1
121.5261674,25.0606232,5
121.534422,25.050735,4
121.54395416378975,25.0465590121264,5
121.56501889228821,25.079695614796925,3
121.54851894825697,25.041823672209496,4
121.4800126478076,25.01743520671699,3
121.4675635099411,25.005005315301034,2
121.55593072995543,25.05160023625455,2
121.5208476036787,25.06361317218142,5
121.5281643,25.0522422,4
121.467052529,24.9987048484,0
121.5235295,25.0491552,2
121.656017,25.0644579,3
121.63117,25.070583,3
121.6333427,25.0758713,3
121.61189217120409,25.072407156982734,5
121.554266,25.03037,1
121.56816110014915,25.035783570931855,4
121.56709995120764,25.044584671185014,7
121.5537207,25.028694,2
121.5257433,25.0601283,2
121.567977,25.03549800000001,4
121.5650437027216,25.040946413198906,1
121.55677646398544,25.030538020653808,3
121.51308696717024,25.053875631642995,3
121.55588781461118,25.044623539607073,1
121.543789,25.0318206,4
121.504293,25.043053,3
121.5300923,25.0600535,2
121.542949597,25.0654609393,2
121.520289,25.052748,4
121.5275617,25.1075593,4
121.54529,25.04433,2
121.50838941335678,25.041446709833117,1
121.5290316939354,25.112529094041218,1
121.52833884581923,25.10803103522003,4
121.5323507,25.1059505,2
121.5201549,25.0964041,2
121.5326957590878,25.115841395052126,5
121.43893897533415,25.085160696085257,3
121.50525189936161,25.044355642557324,2
121.52558388188481,25.00238894567626,1
121.5184455178678,25.049040309290206,2
121.524716,25.050472,4
121.5193724,25.0739274,3
121.56488679349422,25.041081136272755,2
121.48931588977575,25.066171355828974,2
121.57650846987963,25.05702965924652,5
121.5354621,25.0614833,1
121.54037576168776,25.047936185669535,2
121.533149,25.047239,1
121.5500525,25.0429802,2
121.42191030085087,25.021832823795496,5
